935854081
996294657
935854081
448877285
998243401
594981701
352719673
834721269
29001728
732723893
976078835
997756929
888034674
833897742
994344961
398184072
990445569
451916580
558467089
998229121
998242449
697154012
58003456
983697473
729800524
873463809
748683235
967049217
274547703
998236737
116006912
408713047
998229121
851237367
499122177
29001728
88101971
499122177
809944533
450071397
287585192
873463809
510890269
998000641
879610206
984555875
873463809
646142338
496794940
50029559
998240545
967049217
998229121
998244115
998183425
436731897
830680992
332492625
96614438
499122117
993552438
141557273
680141306
998229121
998242449
577356499
990445569
602012520
998243401
967049217
353627740
29001728
982646785
58003456
184177009
998213889
294637932
717488125
29001728
998243877
848632768
514172310
108624686
873463794
116006912
335225337
998244234
232013824
998244115
48748433
464027648
642574007
857866239
857866239
7250432
146035734
629808762
7250432
717488125
997269505
116006912
982646785
791520433
984681274
998242449
539042597
74005143
845791624
403422916
873463794
464027648
717488125
555143559
520543899
78890874
640600255
994344961
857866239
997269505
14500864
998244115
967049217
727543637
717488125
232013824
565724759
398932639
782066117
998243401
873463794
91441534
436274760
499122117
873463809
436731897
750844434
998244234
717488125
232013824
425947170
981246599
994344961
990445569
72846411
647251486
998229121
232013824
354325055
998243877
998183425
717488125
998000641
748683235
997269505
998229121
996294657
597264491
998122497
385372880
998236737
297902767
284277118
174290127
340715717
390451276
857866239
235274674
913458565
717488125
950145561
748683235
625081744
267816847
631108599
873463809
998242449
396526671
994344961
232013824
998229121
870735563
998122497
274242032
499122117
902926425
824157408
182519182
998213889
725165217
982646785
432095440
998240545
394126306
983474011
928055296
998243877
748683265
998236737
717488125
766360767
748683265
873463794
509683990
842748899
996294657
278616585
480037316
998243877
928055296
998000641
990445569
998243877
324738851
476255802
990445569
137895654
99916219
978634421
726864771
758968937
232013824
364481890
990588933
77537718
321672107
7250432
994344961
989601507
998243401
164083377
873463794
790349399
365995503
58003456
994344961
256787420
803634313
873463794
873463809
332786437
998183425
935854081
998122497
998244234
967049217
601416713
49042675
152528215
967049217
466981680
994344961
114816132
767848875
996294657
884934839
998236737
464027648
605852277
63621179
7250432
748683265
168002565
499122177
352689641
998240545
748683265
998240545
597790994
407914488
998183425
717488125
748683235
717488125
7250432
88716991
998242449
413308186
277224775
998240545
998000641
572541684
128888785
997269505
232013824
998213889
994344961
436731897
372129332
998244115
998229121
998213889
648047751
998183425
623598030
96489515
998242449
637151312
555501586
298145692
412837867
996294657
265243585
181693807
499122177
998213889
207300867
748683265
998244234
369808136
996294657
997756929
661819646
895545623
713273858
853987237
748683235
998183425
149744299
998229121
556788101
873463794
331509768
722181799
993763836
990445569
803875221
18631722
997756929
928055296
717488125
549512543
998236737
869328307
997269505
421193220
706208943
772598894
177443811
471887314
736918942
998244115
833291291
998243877
145163086
27385549
998213889
994344961
499122177
998122497
429529678
928055296
748683235
748683235
150141394
748683265
259573551
213484870
849066649
730417321
283019620
194024627
994344961
7250432
348323050
928055296
717488125
7250432
994344961
713926424
867532225
928055296
232013824
998213889
767697582
748683265
284966908
998240545
365738451
302250346
998183425
997269505
436731897
748683265
965553220
375817474
707280282
998122497
127374595
734165838
455458656
520964716
748683265
436731897
116006912
4732413
85433861
409962093
58003456
873463794
763636479
464027648
861854541
248212243
34490681
998183425
89581156
744635157
998213889
621329616
536771377
820126449
998242449
998243401
998229121
563905769
116006912
728110208
748683265
998244115
748683235
998244234
873766027
329323188
131433839
415341354
418937850
982646785
994344961
998244115
717488125
436731897
7250432
580366721
998244234
998242449
231265090
982646785
997756929
760497371
562701036
337478341
998213889
411195455
998243877
873463794
748683265
998243877
86222897
536446787
446354606
436731897
14500864
202850146
444670665
998229121
969014030
717488125
923573710
123486770
963615866
232013824
998244115
998244115
304013162
499122177
74406986
998244115
589442274
765388134
568464639
998243401
176383092
998236737
928055296
552126920
86635369
73722751
349398882
428527604
700553601
998122497
33339078
511799513
997269505
773432748
998242449
58003456
486718093
551909335
327871526
150754665
242223310
686760590
499122117
171545481
998229121
487300042
996294657
935854081
998183425
499122177
873463794
621303971
869650693
857866239
380372157
499122177
998243877
387998443
742882527
719867115
722523985
998242449
436731897
427419977
690024720
499122177
998000641
997756929
998244115
856353449
998243401
967049217
998213889
597567026
889129047
770771088
873463809
269614829
29001728
998183425
215878016
672032394
228497310
568060098
804567031
912305092
470589079
128183490
564665377
997269505
814223640
990445569
58003456
996294657
465891325
117390420
998242449
982646785
873463809
990445569
841852834
14500864
43513932
748683265
14500864
998183425
998183425
982646785
994344961
982646785
432843819
998244234
40588302
928055296
157691969
142473327
274825146
22087174
471896498
603308731
335920984
158764329
782329849
998229121
748683265
416903847
990445569
998122497
717431197
499122177
689512202
997756929
882494579
990445569
980125951
800448990
464027648
7250432
981140923
486998410
312071677
997756929
223639908
984469931
92612010
282741552
998243877
413584088
413080142
997756929
262506427
998000641
19988845
928055296
873463794
967049217
998242449
462154455
7250432
913615895
857866239
353495544
998244115
82218195
567107656
716120617
499122117
488708966
478305979
997756929
818933600
27803428
58003456
37948696
837991294
794245850
734986727
3808639
748683235
231226569
659041603
835577519
108950423
859264747
630351014
998122497
998244115
935854081
13006442
932356855
58003456
933712936
803337268
638584139
819031211
58003456
12989617
617607544
998000641
803885544
998242449
998243401
327337867
14500864
994344961
390588473
14500864
747141682
748683265
747814042
459633823
238808839
502717825
54658795
873463794
499122177
232013824
996294657
737261520
717488125
901608644
994344961
72592887
505212062
982646785
998122497
144216723
928055296
926690110
163487497
902935436
436731897
58003456
998122497
998000641
703092060
644039053
458524085
436731897
681454390
741721922
998244115
998183425
427000273
493152686
189992279
997756929
499122117
864721322
175996138
131551728
379646369
124999157
998244234
347640131
147463562
990445569
277001073
594037595
499122117
557096704
963774546
790439065
428436477
998242449
499122177
445631260
901638737
499122117
938573600
383489372
967049217
873463794
998122497
998236737
819557634
998229121
996294657
368047379
157304249
653740815
967049217
998229121
994166512
621003408
997756929
122678241
982646785
748683235
436731897
715612313
928055296
873463809
626275799
998240545
596610951
224763237
464027648
307199098
204934456
998244115
456008768
201168326
735854300
109880208
629748675
459306652
857866239
58003456
982646785
998183425
998240545
997269505
312835767
29001728
116006912
967049217
343029598
998240545
998244115
998183425
857866239
216650765
873463794
499122177
577695648
482429537
289810677
998122497
592683468
707584198
997756929
69807451
464027648
188540534
998244115
116006912
260403134
464027648
203158061
996294657
851908642
15926348
832260376
748683235
909117525
436731897
998243877
87309732
436731897
211257074
863962003
998122497
995938666
998213889
997756929
998229121
998244115
138311119
176899624
29001728
873037639
998243877
517911127
499122177
213637319
998000641
464027648
857866239
547174712
530191840
46570824
996294657
748683235
7250432
350603882
998244115
298342092
434112679
232013824
499122117
562506944
111505571
760185726
617826179
499122117
873463794
990445569
499122117
998244234
748683235
998244234
994344961
476448017
464027648
531112348
998236737
998183425
717488125
499122117
748683235
123638666
446414880
819591271
535771194
990445569
998183425
873463794
558617406
997269505
434678835
935854081
51977945
857866239
492718762
868512180
873463794
7250432
105804263
966421238
15773265
998236737
396522983
998243401
935854081
982646785
250257370
998240545
252139296
996294657
499122117
997269505
922236102
464027648
499122177
998240545
521696217
173419389
998244115
996294657
748683265
406881412
181367799
245317080
998243401
116257913
29001728
43797461
748683235
943188141
748683265
510062842
464027648
659868223
760132281
998183425
459007112
269050195
998213889
748683235
254788485
996294657
998243401
311815938
188328730
299789535
869198154
561972205
38388643
873463809
982646785
393211937
625670943
137101795
935854081
513539790
916388784
998183425
963465227
958180279
243467172
332562823
967049217
371826319
58003456
835528265
698391445
717488125
928055296
7250432
156608175
462430584
171445463
874408543
857866239
998122497
696708733
717488125
973062971
998236737
103737993
402086823
664632261
998236737
998243401
998243877
639778273
188470231
998240545
930085420
928055296
190930244
464027648
234049090
623817526
998243401
846936217
947599030
613877437
990445569
928055296
990445569
998122497
935854081
535767671
58003456
183577785
115234688
997756929
998236737
41684898
54602964
996294657
152947282
998243401
607120409
998240545
679637692
935854081
708704646
499122177
928055296
367615916
7250432
997756929
852553465
943545315
499122117
998183425
75849745
743435779
332798818
996294657
113747944
248704424
603556164
998243401
748683235
193316096
1994975
464027648
4449385
662555356
384257360
998122497
758871096
974216070
436731897
998244234
499122177
998240545
681842807
601470679
499122117
841244506
609573645
998240545
541545070
998000641
717488125
569747973
97156311
949369321
58003456
117225789
306407251
748683235
998229121
998240545
647259440
378685840
873463809
568818356
354838559
998244115
7250432
101327605
172029910
116006912
998236737
989167420
588360893
998244115
998213889
748683265
503151632
99415108
442201349
998183425
967049217
58003456
873463809
910002295
115841615
211109775
998183425
748683235
982646785
303507917
873463809
998122497
581781848
998244234
436731897
997269505
996294657
32747931
277527891
834549028
906387402
997756929
464027648
935854081
910726741
333164882
998244234
982646785
188708519
410783963
306164210
998122497
955064569
662454029
980203020
998244115
642856972
628496127
317448673
967049217
591075320
107959667
998229121
997269505
998236737
749482805
169933941
112206944
998243877
535128732
7250432
996294657
499122177
998122497
7250432
947750494
461724900
763953515
838577031
570545329
985534708
873463809
997269505
564953440
232013824
935854081
499122117
318626329
998236737
935854081
295660779
811786602
790501611
998229121
864597702
997269505
998236737
407093612
998244115
526882976
160431346
997269505
499122117
465549759
601542036
14500864
841668680
998242449
998244115
499122177
763763343
116006912
535684357
58003456
291096699
873463809
997756929
998000641
355394752
776078155
722536085
998242449
131687402
967049217
998183425
499122117
760283025
528921973
436731897
997756929
980427424
998243877
990445569
864513446
880302788
155453257
998183425
535989624
14500864
301373027
854968657
42135796
889685512
966412464
998244115
542914682
998240545
994344961
936561666
29001728
998243401
997269505
90189037
997712092
7250432
898142117
648502438
98174133
998244234
997269505
329786861
547995039
58003456
100305621
436731897
11795263
990445569
837145891
464027648
928055296
58003456
717488125
998240545
670758924
184161198
58003456
928055296
425305393
998243877
268825472
860655063
39388424
744195604
110608164
990445569
748683265
581886283
894316019
499122117
82111002
29001728
998000641
928055296
998242449
524543827
960476212
240412632
551700152
577330934
816487426
732163181
748683235
232013824
998243877
420997532
474355578
237648358
996294657
994344961
998242449
122348399
998183425
456935945
776800016
805168164
723522252
83727770
464027648
27384743
998244115
329239204
288579790
873463794
873463794
14500864
277544410
7250432
928055296
998183425
748683265
252544043
998243401
781797367
998243877
436731897
471493745
574842878
7250432
7250432
873463794
998240545
748683265
436731897
997269505
469784274
232826852
998242449
762307795
262479579
580076686
29001728
998213889
126854936
188053803
998213889
857866239
241385852
998244115
506236575
7250432
451264351
14500864
116006912
617544836
997269505
873463809
255501918
997756929
499122177
748683235
536568285
998229121
70501148
468697719
157596566
524300988
709564598
708720356
990445569
499122177
412651761
857866239
873463809
998243401
998213889
873463809
997269505
461495666
990445569
998244115
998183425
378896735
917426033
232013824
988665290
340664749
806756878
230557751
998243877
998244234
801811985
126142665
601320592
2101774
42295011
961347937
575781886
998242449
998243877
464027648
314424962
717488125
345302218
302487586
116006912
982646785
991403119
470625114
811811935
433219120
436731897
306881938
935854081
214547175
541718642
464027648
994344961
499122177
998242449
668147273
998213889
926878213
499122117
990445569
998244234
478949903
237825158
232013824
960544071
664853065
7250432
748683235
435743438
436731897
986611504
993980651
221865499
998242449
998000641
998122497
497725784
441482984
998240545
928055296
804888981
990445569
998242449
29001728
748683235
15281776
138944959
867473331
499122177
878510860
596163805
464027648
748683265
917841116
562645526
990445569
593928782
998000641
776892217
836619861
857068841
81274406
743623859
14500864
787387010
102609756
996294657
990445569
858597291
235988602
691947742
711441914
856443516
92361454
748683265
304799146
3460514
990445569
994344961
321954817
95791225
78055321
649254173
998229121
635471117
499122117
718626638
29001728
436731897
681414642
980826635
464027648
998244115
284750364
935854081
554062422
555128969
436731897
111335586
994344961
29001728
998243401
464027648
982646785
498109028
319426007
998243401
873463794
997756929
12622032
17432470
982780551
997463552
998229121
499122177
232013824
47147772
167144834
591209086
966991646
112914912
670285339
898428097
748683235
229809692
998229121
748683235
748683235
232013824
232013824
928055296
24945318
135327976
7250432
998229121
264767588
42837719
928055296
998242449
998242449
656474520
29001728
998243401
524794170
873463794
29001728
733465497
601545763
857866239
994344961
209946376
990445569
498158813
499122117
998244234
998240545
897662646
541169599
464027648
717488125
43509825
862801809
91881639
996294657
436731897
10874568
953827094
555575565
489907783
998242449
998229121
7250432
113916209
967049217
428822691
748683265
65551172
998242449
58003456
998244234
548092313
7250432
116006912
324485819
736125900
998242449
994344961
436731897
982646785
396082672
998242449
996294657
4118468
83787274
248023361
717488125
220193440
44792938
998236737
998122497
863041867
996294657
934874050
935854081
116006912
935854081
997269505
717488125
873463809
540525314
748683265
245564010
23787009
436731897
990445569
998243877
616709142
316871615
97889147
998000641
29001728
994344961
803859584
260058447
982596317
873463809
795818942
58003456
998240545
935854081
464027648
748683235
998183425
58003456
996294657
499122177
370090930
39777128
232013824
998240545
962525178
87575712
112371083
69736118
422848391
232013824
39831655
527251080
232013824
998244234
998122497
998236737
958856574
998122497
885840249
473527186
881584480
998229121
651226074
717488125
833306916
996294657
996294657
998244115
436731897
616526002
998243401
717488125
998240545
990445569
998244234
436731897
994344961
651331702
12987937
935854081
413046563
998229121
998243877
116006912
982646785
499122177
484694018
627041362
998242449
935854081
878675205
996294657
467592180
990445569
998242449
96868588
998213889
727847471
569082855
998000641
935854081
935854081
920417570
352535219
996759318
998243877
873463809
395043406
232013824
997756929
982646785
478846836
996294657
609369700
784648796
982646785
595876375
519565518
25442128
951583496
857866239
961939337
677390062
748683265
58003456
367468280
997756929
29001728
425606452
687672079
813693682
185227679
770453045
436731897
35517390
652344799
683676502
576098016
717488125
998244115
998243401
857866239
58003456
873463794
998213889
444273868
221319499
14207116
370779830
998243401
55325864
717488125
897355716
180557483
33113919
633021950
232013824
998244115
712927966
928055296
810105147
935854081
608331420
839048645
997269505
257973613
786524603
748683235
671458037
721005082
998243877
237459008
994344961
27131867
150942088
967049217
574818946
225952056
997269505
502276832
998240545
7250432
321390014
436731897
834041907
996294657
998240545
519888589
574852915
888400644
996294657
438435520
857866239
173581808
421615798
263932352
499122177
36342164
622373575
640600848
499122117
7250432
997269505
790755588
426346411
998229121
998236737
623517541
832808658
7250432
436731897
232013824
181743046
978230672
748683235
996754352
190898870
998213889
29001728
703047782
998242449
489252016
994344961
430234554
645741280
436731897
982646785
942749249
895498091
436731897
116226090
29676051
203278417
76445858
499122117
998236737
110944986
998000641
14500864
241005805
664480301
182065441
748683265
232013824
717180465
998244115
998122497
259807121
291040921
272613140
990445569
998244234
511254856
873463794
228888359
748683265
516085496
237531322
873463809
982646785
24724735
325582635
116006912
996294657
499122177
748683265
674263002
928055296
211042078
724792245
996294657
998229121
438667420
844397013
232013824
873463809
710537362
994628027
997756929
105579041
721534278
935854081
535214896
137127074
860666309
967049217
994344961
996294657
143099423
998243401
609064650
982646785
765448982
998229121
372955741
37991353
997269505
607839839
493045348
895793092
29952072
374132433
998242449
737662518
232013824
998236737
282223045
263876946
43751583
611429137
998244234
180256569
873463809
967049217
675888799
116006912
997269505
15502144
232013824
838344541
998243401
967049217
998244115
990445569
890124108
482476821
130489563
617174445
496872381
89187931
985178511
998244115
998122497
873463794
998229121
990445569
189267865
29001728
873463809
14500864
998122497
73825351
499122117
676164272
322861066
998244234
857866239
627796927
560851562
990445569
423208781
499122117
915640930
252177254
998242449
982646785
81942222
517824759
568346846
43940196
998122497
158436695
967049217
146532653
58003456
446617376
998229121
436731897
873463809
994344961
998213889
116006912
662428649
997756929
541427854
998000641
14500864
636303043
935854081
19845098
998000641
884704352
414387411
998213889
379320688
255172675
997756929
974863175
991370556
873463794
857866239
994344961
787763192
388416
46126761
12161339
748683235
873463809
537861830
363942165
966215158
472337712
998236737
403500705
815789022
499122117
994344961
820066083
292870122
748683265
998242449
6881042
499122117
109472936
748683235
998244115
717488125
802859069
415994482
998244234
127093733
717488125
281016349
998243877
594694112
32702211
998236737
224989134
499122177
886047840
29638819
710445573
392030122
232013824
436731897
748683265
998183425
259638450
691601841
998183425
534421024
86276543
998243877
499122117
873463809
58003456
41545189
873463809
998243877
990034698
967049217
26816075
982796427
45149760
998122497
998122497
965275000
835129132
354875292
708003177
998213889
499122177
464027648
900849093
436624630
590822254
990445569
685673748
58003456
721462784
633123044
997756929
221891881
224570159
998244234
464027648
998183425
998244115
232013824
896191714
689340753
183688354
998213889
900927948
904997656
873463809
718893209
997756929
754108390
670045919
95072142
569853062
935854081
159701248
969760681
116006912
915038029
967049217
234926841
998244234
998240545
606286402
458217442
78685182
43426355
175789880
416954317
47546138
436731897
181431044
998000641
873463809
214076464
998244115
873463794
284168028
717488125
864170024
425037411
682788821
565436986
935854081
6916006
998183425
967049217
30875229
238377785
967049217
728276034
58003456
998213889
998236737
316511536
792158856
115144623
32363315
998240545
998243401
935854081
58003456
935854081
938562789
877544888
998122497
150426047
525524188
140051420
982646785
425821044
748683265
168972988
990445569
748212172
998243401
69997821
207967563
754086360
998244115
990445569
998122497
499122117
8840885
181174740
337489243
906426868
340979252
60466583
752896082
263831236
982646785
349359948
535254965
129935429
748683235
619612193
95040177
436731897
499122117
29114393
717488125
673767765
998213889
857866239
533227550
433338359
29001728
967049217
896677992
994344961
446939235
656460598
157162918
902600306
873463809
996294657
122025243
686556452
88362512
998122497
986876905
748683235
997269505
997269505
658186129
403897735
998242449
622864036
998242449
178530477
58003456
887974647
58003456
394171745
526840342
998122497
998243401
998183425
998236737
182179138
168660390
976727327
873463809
116006912
124459567
499122177
997269505
997756929
928055296
695290182
561096292
51809992
499122117
748683235
29001728
912503340
280423923
857866239
998242449
994344961
998242449
998242449
203554755
519753721
998122497
415971363
982646785
871233097
978760282
156562170
738455498
218353984
649444408
75559144
998229121
998122497
171633797
717488125
996294657
807101624
713062937
463857918
876677650
653689969
352628262
141613194
998183425
499122117
564213704
912765236
94820429
998213889
39444580
870559244
998240545
873463809
876443843
935854081
229056758
14500864
424435546
996294657
873463809
998213889
998240545
997756929
998244234
721654598
998244115
191786755
998243401
752058251
94480931
994344961
998240545
717488125
990445569
963797889
85246056
84352808
116006912
628411828
998243877
327712887
504337179
14500864
998243401
996294657
926861672
857866239
37444681
748683265
160130454
998242449
35960347
14500864
990445569
85579756
232220953
928055296
232013824
341957026
60180218
998244234
100436868
499122177
998229121
279826681
14500864
34221901
464027648
86308933
748683265
705140090
363390442
352310671
717488125
326860370
398541588
448987669
449955413
499122117
499122177
277416087
464027648
899868190
998242449
794769231
983460963
418620350
232013824
58003456
431291857
704619611
939015157
610485535
998183425
43100234
997756929
499122117
436731897
970278446
720857529
399358845
998183425
997756929
998229121
138625321
873463809
29001728
730009891
998243877
997269505
998213889
133759201
233044440
499122117
913449572
873463794
7250432
396826403
998240545
967049217
998000641
872793181
909616181
272084531
436731897
499122177
499122117
862408069
998122497
460107646
997756929
465619698
782248294
748683235
499122117
232013824
997269505
873463809
232013824
990445569
990445569
205204102
674065631
517744199
276502315
943139178
997269505
994344961
998244234
998213889
507904157
998000641
218380814
232013824
996294657
997756929
998236737
717488125
998183425
998213889
800272420
678272059
982646785
786026446
998243877
436731897
785481567
857866239
148388665
588050345
721343947
816440259
994344961
998000641
490119829
997756929
395347842
874313850
553268346
677672534
14500864
723537893
998236737
998244234
928055296
564405119
73222308
967049217
59072879
857866239
569846798
967049217
14500864
593687219
998244234
998244234
927777682
873463794
856689297
621147753
71466939
967049217
998240545
418364804
990445569
373913802
895545400
260845364
354085955
618013859
695357141
748683235
990445569
344627774
227656944
998244234
655470420
748683265
610682988
997269505
254677207
998122497
499122177
443890912
819666370
108465686
158917943
997756929
998183425
673227827
928055296
935854081
7464855
864930655
998236737
56192831
25920169
997269505
705344362
873463794
33265128
29001728
436731897
857866239
997756929
998244115
304045186
291881863
996294657
29001728
745184777
748683235
717488125
353201792
873463809
998229121
424174222
996294657
998236737
84083643
14700677
748683235
982646785
984605867
748683265
511917030
433406853
998240545
998229121
413127372
25916763
325301880
363126366
998243877
947423401
506184789
29001728
499122177
464027648
722449134
420188204
445913878
998236737
88022692
998243877
208292827
340983769
14500864
889364653
935854081
475187652
967049217
873463794
998243401
635893563
147554986
998243877
998236737
717488125
967049217
169695229
998240545
880630750
875314648
998242449
998229121
220871847
494434174
14500864
714095004
998244234
998242449
373218376
436731897
436731897
732480238
14500864
260655446
382340699
499122177
114331264
998243877
748683265
682636766
998243877
857866239
222891477
683413583
748683235
100800066
232013824
221962310
718052267
873463794
380058915
232013824
499122177
194906775
380777473
998244234
585903769
58003456
885667081
929245523
401251410
826477668
998243877
607721570
998242449
58003456
382309261
717488125
706703339
996294657
377109806
934070398
432002087
703348842
998244234
998243401
827500729
35666200
998213889
990445569
820019337
998244115
998213889
351424913
14500864
994344961
717488125
990445569
935854081
749467092
982646785
499122177
29001728
702625979
998122497
453383968
499122117
735528959
644301916
998243877
878957812
972573079
748683235
717488125
998240545
32648412
464027648
844666664
974616601
717488125
733472705
994344961
780111773
996294657
990445569
990445569
935854081
286064928
501663395
967049217
847536763
570542427
522009773
763289105
967049217
994344961
923688461
133100132
998213889
464027648
382178969
967049217
307085298
873463809
110964013
372931939
967049217
808587536
644220442
998236737
947976193
998183425
464027648
897243267
29001728
464027648
395502139
232013824
998213889
363706987
998242449
982646785
58003456
996294657
411790153
857866239
124995880
14500864
904536105
499122117
983134286
964550732
885010983
816235040
345047908
434607393
204292657
7250432
499122117
116006912
998183425
116006912
998243401
593404447
873463809
499122177
998000641
998213889
694147623
29001728
367167745
998242449
181384260
935854081
928055296
998000641
315587502
998122497
436731897
594339446
303110451
156887340
998242449
873463794
29001728
998183425
998240545
65518188
464027648
241152208
691314330
998244115
935854081
423907890
994848837
58462689
935854081
857866239
793354976
464936540
656292503
292807293
873463794
867795019
998243877
168295931
996294657
857866239
705553290
464027648
998122497
998243877
998122497
705197103
537898263
556489152
29001728
484261153
998242449
273567682
994344961
577063222
192381578
635412153
14500864
519128404
7250432
891649783
998243401
873463794
998236737
998236737
221400809
558135137
490915955
206348311
967049217
14500864
873463794
997269505
416919210
458115469
685241839
994344961
857866239
873463794
940376769
873463794
857866239
577660542
675731434
29001728
956648725
990445569
717488125
823419024
7250432
116006912
195405494
997269505
998236737
748683235
258151367
845887141
644359408
994344961
998213889
430190698
996294657
990445569
998183425
330101373
232013824
499122177
436731897
935854081
774903695
482910865
998229121
857866239
998213889
762496320
594758527
739832669
717488125
14500864
261004130
44175824
614091430
58003456
321840159
499122117
998183425
373350822
998243877
996294657
747495135
717488125
998242449
748683235
257180272
987999130
998244234
982646785
748683235
758369051
996294657
914774184
464027648
588502396
58003456
997756929
873463794
998243401
745943282
998122497
928055296
515664773
980428755
123511625
997269505
998213889
676915244
55561763
873463809
998244234
990445569
997756929
998242449
708111780
538520572
350944563
998183425
499122117
775077358
974339718
464027648
14500864
146259683
935854081
331352871
783876220
7250432
116006912
424304215
208061599
956998476
515184795
997269505
464027648
717488125
717488125
195249395
310087024
994344961
290432749
982646785
998243877
994344961
997269505
30646810
935854081
717488125
748683265
755484330
967049217
998183425
994344961
539611272
886464376
436731897
697565960
499122177
119505396
994344961
872100919
31394744
430023489
499122117
794834991
998243877
990440771
998000641
225080989
464027648
998244115
946321015
717488125
349396816
29001728
748683235
29001728
116006912
904361383
861915972
58003456
994344961
740200631
825746340
232013824
640574437
621318695
748683265
748683265
998243401
997269505
707388915
14937084
997756929
994344961
101710325
998229121
484743021
300145215
967049217
891227512
998213889
531930758
748683235
421254310
998240545
335856399
105535228
349370910
520573162
464027648
243694103
755766842
499122117
728486254
717488125
998242449
998000641
116006912
998183425
717488125
998229121
131126081
464027648
967049217
935854081
86746766
331794972
996294657
720578633
464027648
994344961
702459956
748683265
988987613
810902560
925823287
497635135
860218022
7250432
499122117
533658980
303524127
734831498
899733378
942859659
45962890
748683235
126584003
998243401
238361414
8455161
519196388
624900036
967049217
594510490
295816769
798929824
557686944
873463794
125352166
805009155
717488125
852112409
94819607
841046146
771272706
642515833
998243877
7250432
998213889
543738377
957173501
748683265
175882380
998122497
932693659
990445569
279808613
346069301
852136429
741098599
998242449
14500864
998000641
58003456
784175749
873463794
998229121
639942495
499122117
967049217
998243877
116006912
801987047
997269505
748683235
873463809
499122117
972114360
717488125
998000641
16621529
693351782
998240545
230026159
464027648
105511535
998236737
994344961
873463794
402240693
967049217
998122497
717488125
196278990
928055296
301320818
949775594
773019146
998213889
340994770
398868728
7250432
998244234
998236737
10396096
91052955
232013824
821742874
998244234
998243401
998243401
549823935
29001728
426748601
998183425
998244234
436731897
232013824
997756929
833580581
711847871
114251329
464027648
694075416
998236737
998243401
499122177
291572963
834243075
760527291
314319151
272477095
915859683
748683235
990445569
232013824
935854081
998243877
972744497
857866239
14500864
997756929
998243401
58003456
998236737
990445569
451137138
998244115
998229121
998244234
499122177
998000641
296363569
687419119
232013824
55459647
20338488
72451758
704625283
499122117
998244115
464027648
873463794
29067172
8280226
293419362
846633437
91611627
926801231
395839994
928055296
617702583
887810515
92258663
813846696
998243877
622845454
58003456
482023324
997756929
116006912
935854081
436731897
770772759
513706631
179586168
232013824
997756929
588805889
997269505
998242449
982646785
998213889
202603964
998240545
552072425
982646785
58003456
998236737
748683265
499122117
998122497
799983739
797586072
873463794
928404885
58003456
632846025
5846132
873463794
770500443
998000641
788717582
997269505
86504262
370129839
996294657
654685760
436731897
755340076
232013824
873463809
857866239
998244115
436731897
857866239
717488125
295653804
225713971
373382274
967049217
14500864
962196663
7250432
499122177
58003456
192422927
516617282
945743759
748683235
891636672
641953780
372339129
774199688
994344961
987745181
982646785
994344961
317402877
499122177
998244234
857866239
961871099
470402820
998244234
717488125
89535398
88472216
29001728
873463809
306991121
444710888
601203491
998000641
998229121
498322052
997269505
873463809
717488125
717488125
132860492
777963893
998229121
998244234
29001728
998213889
203351565
375893686
706919597
499122117
436731897
118511009
915793580
436731897
990445569
873463794
881795030
988008627
606735254
464027648
119234132
998213889
928055296
394562622
998243877
235606251
58003456
982646785
994344961
591594904
898992353
587799598
755426927
717488125
236676118
997756929
683827961
464027648
7250432
436731897
996017716
499122177
998243401
873109688
998243401
906895126
319067960
998236737
581067749
998213889
997756929
724881020
137126018
857866239
159166494
314931546
873463794
499122177
845440135
8528316
541678395
256022182
902386958
998244115
998000641
748683265
194608915
37157848
998236737
998213889
656103157
631876251
857866239
283480021
464027648
374352920
998236737
29001728
380790249
857866239
967049217
998244115
998236737
29001728
967049217
996294657
971972458
14500864
710612200
998236737
990445569
116006912
997269505
863745091
339249954
604928118
95425671
557994320
317577264
188152540
998183425
998242449
58003456
883483575
887062944
116006912
178961195
873463809
71213293
464027648
436731897
807142179
997756929
793438956
499122117
94524081
116006912
878074907
850102719
271713
998244115
906483142
996294657
519501539
998213889
14500864
998236737
997756929
47793952
35752093
994344961
873463794
998240545
393734416
998183425
245352671
997756929
436731897
982646785
170670017
403844809
998243401
353951749
395688341
998000641
998244234
996294657
982646785
982646785
509757476
29001728
998242449
853361160
649253976
511457816
607718451
499122177
928055296
116006912
648666993
998243401
116006912
58003456
998183425
340090132
216093717
998122497
998229121
261339981
998243401
29001728
39470803
539158919
587938288
998243877
29001728
190686359
571501798
198569874
398036275
994344961
998240545
998236737
488293982
998243401
116238440
14500864
358091851
672356551
879037951
998242449
748683265
399213834
748683235
782156530
847497153
221124790
288922785
928055296
917281385
498909850
419710569
464027648
609499362
926830071
959518970
588221613
152876151
996294657
473847974
997756929
990445569
354578916
907164151
19628383
857866239
998000641
990445569
998236737
7250432
499122177
58003456
982646785
953077841
998000641
507923039
436731897
827208981
998244115
499122117
67044106
516456030
901318993
998183425
469365567
843863229
14500864
998213889
763678979
998000641
998244115
633160
998236737
368821383
847308351
71976631
878630556
653932755
8305725
116006912
998242449
577842612
369087110
232013824
29001728
998213889
255871332
464027648
998229121
817927084
318723243
232013824
804075789
277940090
997269505
997269505
640781877
990445569
499122177
134952320
997756929
724116877
232013824
998183425
996294657
971781374
464027648
809654156
873463794
464027648
7250432
998242449
998242449
422498622
534198829
436731897
512959935
928055296
116006912
342393419
74232935
436731897
95285622
998236737
182347799
499122117
232013824
464027648
620300851
300433879
666592027
997756929
400026627
851932919
177889407
30050060
204597065
593926194
808777866
997756929
721713584
998000641
346105206
624612820
810288077
998183425
74144437
181748496
381800066
582520587
482168858
835751845
55346490
950728303
877879026
590988033
503645392
271220024
621662115
326547707
967049217
873463794
967049217
996294657
996294657
998213889
93766400
631046127
709669317
938564652
398622244
108526525
998236737
532416401
996294657
998242449
996294657
437486158
998236737
7250432
499122177
207323235
998183425
29001728
479804016
833451464
470611621
794722030
54608758
29001728
990445569
415639508
228983815
982646785
998244234
568319927
889127846
499122117
928055296
292454811
998243401
997756929
77937438
377236666
232013824
998229121
232013824
998242449
213892895
935854081
676562584
948900032
193980658
306014939
545122301
90731313
391283394
364838652
967049217
994822220
554286480
123068454
996294657
725556719
998122497
464027648
994344961
998244234
839906617
998244234
781697497
315615186
232013824
998243877
232013824
997756929
998236737
58003456
98908003
643892347
415312492
935854081
935854081
387948963
635287931
851150680
306358236
911657124
116006912
998243401
998243401
7250432
415459689
759551652
792149680
742528866
464027648
512908300
499122117
998244115
982646785
464027648
14500864
873463794
444811601
949032987
974922109
998229121
192504652
998243877
998242449
119423573
741363822
150397224
679663025
998243877
499122117
281189169
621811146
997756929
748683235
565633381
659604783
998000641
873463794
460986637
440005910
998243877
998240545
998236737
998244115
873463809
431640598
116006912
414281869
29001728
998243877
58003456
14500864
998240545
928055296
596205905
990445569
297842979
857866239
664757641
474067803
29001728
232013824
464027648
504386627
206920053
464027648
998243877
24410200
276303991
293758529
998244115
998243401
997756929
313469928
994344961
433188378
813823997
219846640
531675388
176444588
333417911
461865596
993650755
425099804
116006912
464027648
998122497
775472823
935854081
857866239
552774272
659661387
129684258
202765724
873463809
748683235
998244115
499122117
104849927
891325566
998183425
994344961
464027648
371712941
998122497
997756929
928055296
998122497
553636538
748683265
851648131
287888705
430112478
499122177
136946399
499122117
998240545
86230885
713165057
873463794
996294657
43124672
967049217
998242449
857866239
998242449
748683265
671106054
436731897
288972044
998243877
982646785
997269505
436731897
982646785
14500864
495156574
527175794
164349669
141332624
998244234
214697271
998240545
873463794
998240545
998244234
352343738
185583665
32574468
102772487
997269505
714270201
58003456
998229121
376341093
994344961
474925229
470221080
830115033
747009338
433490409
935854081
58003456
998183425
503742288
711019417
113844897
78451673
667946296
998244234
328825865
896538892
486292662
748683235
774439051
998229121
997756929
998183425
997756929
967049217
997756929
717488125
717488125
584373763
52525625
998000641
717488125
998242449
116006912
998244115
996294657
631565802
499122177
998122497
717488125
403910805
176349605
998243401
464027648
564153318
776793496
604259024
935854081
873463809
857866239
130447837
997269505
990445569
436731897
997756929
193303611
998122497
935854081
7250432
997756929
982646785
90090656
873463809
444552135
774544641
34828844
599947277
38069283
417505893
956602112
129642108
220921160
677401517
997269505
982646785
817980141
748683235
613851983
543754332
967049217
472412614
998244115
329403057
998242449
116006912
683780883
873463809
118917669
998236737
420512470
728077566
512096961
222755319
174734394
990445569
750847125
919062201
6357604
152648053
29001728
748683265
499122177
848346979
857866239
998236737
998243877
558484214
998236737
996294657
971404495
997756929
69277042
608763008
881641117
116006912
998000641
268491982
260982197
748683265
998242449
185207255
559032992
935854081
998243401
49375392
998242449
998242449
79736453
759271213
757668771
183897887
400451885
873463794
791827095
667895901
245893865
998244115
997269505
873463794
500607757
779286681
717488125
105464063
873463809
464027648
982646785
584920569
998229121
40052316
857866239
857866239
935854081
381358198
499122117
660592086
721215687
569495186
181428352
299953277
116006912
14500864
873463809
873463794
379648806
611935742
922207264
998242449
998122497
912514014
857866239
734986139
639447922
998240545
982646785
821687158
759785185
997756929
436731897
99887533
86611174
276626629
857662300
447127885
982646785
464027648
58003456
499122177
592306423
998244115
671554447
985542354
994344961
436731897
698017677
668489022
873463794
998243401
757239306
748683235
232013824
998183425
998122497
776061857
605639678
58003456
232013824
7250432
749672493
374599988
994344961
787679468
619433423
499122177
7250432
727857981
436731897
998122497
857866239
29001728
499122117
998000641
232013824
997269505
998213889
839408290
998243401
997756929
584454139
247179488
990445569
836101657
838512726
998213889
579539288
998229121
58003456
456445570
998000641
259351563
998243401
998229121
998183425
452664407
191195872
994344961
998183425
229248639
364296864
998000641
748683265
132999640
748683235
158785388
227349524
998242449
295947839
996294657
386933967
982646785
550103199
689809677
499122177
998183425
998242449
136105444
790002966
994344961
487540560
385063560
967049217
389753805
279137290
463556775
815581724
533378275
727558658
788284524
96433153
464027648
684165368
486795702
499122177
824621785
873463794
568204581
873463794
687723859
998000641
686657159
544068971
873463809
548879431
502980709
508034161
813700895
185700975
998240545
630114775
480926232
939013671
855503009
133971446
731041336
259481663
89124126
240617494
998183425
748683265
249436128
873463794
496774119
580829567
524003250
7250432
29001728
932941271
998243401
377478841
166333914
866014986
998122497
341620637
38871292
726654258
179588033
748683265
121773612
499122177
920923251
998244115
243609625
144929450
996294657
688050494
232013824
797898372
910051364
717488125
873463809
176464627
877054876
7250432
967049217
748683265
210914180
149841343
928055296
996294657
998240545
14500864
306648122
998244115
58003456
232013824
436731897
442608264
858514464
990445569
559082380
208700962
855395856
717488125
982646785
116006912
50363726
208144866
527135170
327629547
921640130
748683235
52473069
857866239
998243877
464027648
990445569
291519115
232013824
542116170
503739626
468180809
29001728
996294657
998242449
242957796
392366315
29001728
436731897
873463794
687370420
797452691
409673319
563291525
998213889
436731897
748683235
998240545
131925198
116006912
116006912
243681006
998122497
838756100
865572963
732995456
591926424
483406180
717488125
255012217
35322293
406126542
5558666
967049217
998122497
116006912
998244115
14500864
43424249
998242449
998244115
499122177
843968006
996294657
748683235
344108068
998240545
982646785
14500864
873463794
62384863
340521288
39937629
29001728
998242449
58003456
748683235
967049217
994344961
827827098
299232562
499122177
728293080
997269505
78769174
998000641
436731897
748683265
613001241
728283821
390896808
722344048
41139561
914055231
876537442
998213889
519486338
734598784
857866239
967049217
998240545
499122177
362315103
998213889
998000641
299285919
998242449
265893593
833231675
411227002
27194637
663314676
902970012
997756929
994344961
998243401
762373120
971118397
998122497
857866239
291232977
996360737
928055296
998242449
997756929
998236737
991265002
998244115
32229364
908099374
873463794
857866239
60667411
990445569
206797122
408296690
994344961
873463794
998000641
749554707
856637004
14500864
734124375
227718715
268507683
590142726
998229121
290165510
55043199
998000641
998243401
464027648
906762799
843009870
249207656
635716941
101203015
59792901
524379154
116006912
857866239
690845441
436731897
998240545
996294657
997756929
480291369
325119424
496047266
499122117
998213889
941461191
116006912
778501120
975665814
997756929
738092360
14500864
998213889
118816266
873463809
116006912
998229121
998000641
588664569
997269505
972706134
998000641
753556877
998242449
935854081
873463809
998122497
982646785
998240545
180898462
997756929
448774137
436731897
857866239
935854081
998244115
270658057
723348786
959631046
998229121
895677903
499122177
72952851
990445569
997269505
232013824
9762060
661561449
507461721
678118056
746136696
896586575
994344961
25477904
106622519
101673999
998240545
717488125
451987848
998243401
29614069
998243401
243945543
996294657
116006912
464027648
116955344
998236737
643320237
994476150
998183425
623922278
748683265
998122497
232013824
990445569
964540841
606158024
104447199
499122177
703678093
472057789
997269505
571398829
232013824
967049217
873463794
994344961
7250432
258761615
436731897
121902599
998183425
58003456
969016544
555462488
240897087
967049217
499122177
612620519
748683265
453176064
190642591
873463809
669167814
967049217
268487748
115708244
982646785
409853281
973701343
998243401
998229121
521669197
998244234
172619797
998229121
996294657
668168388
840666223
967049217
928055296
576494816
935854081
311790441
998240545
19493083
857866239
711420413
998236737
998244234
211103638
44118857
997269505
998243401
546514356
998000641
990445569
232013824
998242449
544527768
996294657
976840051
888075718
998244234
464027648
998122497
18253644
998122497
115684235
849425603
595614211
748683235
935854081
773629433
733234339
873463809
998122497
998243401
998240545
254448299
499122177
717488125
998183425
210608105
174269361
998229121
649755212
990445569
748683235
935854081
762382804
18654854
998236737
998229121
396286824
116006912
757073844
13438284
717488125
998000641
709338332
58003456
305406179
927967960
393756546
998122497
764122192
7250432
116006912
998213889
528762795
998240545
998183425
288377988
190853594
436731897
680707154
748683235
812487789
967049217
336511717
996294657
943313537
271920750
718079084
620993696
363817304
998183425
998183425
286828463
873463794
846855567
584023629
531259985
998183425
998244115
998229121
998243401
116006912
7250432
15303719
619966617
509958500
997756929
998242449
670972892
29001728
998122497
14500864
998122497
873463794
7250432
599078518
921317719
7250432
14500864
402726535
426008574
930691792
637819449
402502530
748683235
873463809
44954785
748683235
403913824
142187732
550130070
998213889
382682432
903921291
58003456
749692272
998243877
499122117
330396201
392722012
807235216
998240545
517629625
29126667
58003456
657403924
998244234
366534278
427860997
998244115
998213889
868320173
748683235
576615393
464027648
10276402
718046108
776376247
795243645
648401022
330288410
928321412
860277539
464027648
996294657
172762866
496838369
29001728
897974866
124708076
886838588
456062090
232013824
933385506
752041033
911767895
436731897
584722500
529497456
998242449
745446659
998122497
556089410
462984528
994344961
232013824
996294657
464027648
873463794
998244115
982646785
990445569
998243877
967049217
309544690
58003456
570082720
769655091
29001728
990445569
873463809
935854081
592222180
998240545
998236737
53100665
198423360
719659109
990119207
423092573
131414592
998244115
678762334
998122497
83532855
873463794
998243877
58003456
994344961
998236737
873463809
906565042
998242449
464027648
990445569
739103655
58003456
548307003
499122117
689902212
499122177
998229121
998240545
998242449
998243401
998229121
906726334
998242449
63575413
821746494
635964141
998243877
998240545
718134402
998236737
935854081
194285883
982646785
873463809
797489423
99018405
39084548
873463794
501565515
735892668
998183425
942236839
116006912
998242449
498431818
573939454
771583406
376303716
394011956
334453890
996294657
241879073
689189183
982823563
461640530
21615642
997756929
464027648
423797341
883111932
222241082
260927251
998000641
436731897
705445163
310071458
942704829
499122177
189042589
95712638
14500864
549212859
774127774
499122177
436731897
595286393
998000641
998243401
857829179
232013824
928055296
824288609
891328295
499122177
499122117
928055296
996294657
998244234
499122177
204345662
319000177
58003456
928055296
857866239
635144251
998122497
21298330
232013824
725592754
998242449
935854081
441540845
14500864
680140083
3809267
477098495
168675963
24176213
998244115
998000641
245646746
717488125
748683265
499122117
596529512
58003456
58003456
998236737
499122117
7250432
998000641
390839243
232013824
36048783
748683235
499122117
857866239
723350152
717488125
998213889
976008653
669872760
464027648
997269505
998000641
997756929
946479507
998244234
862862443
717488125
7250432
606542471
673027976
928055296
621289821
982646785
354566274
857866239
998183425
464027648
11466782
998183425
464027648
618751429
996294657
935854081
616403888
54465797
7250432
481075063
998244234
717488125
998243401
997269505
982646785
110975059
998243401
152048206
794671767
464027648
397787783
928055296
998213889
119977769
341949036
998244234
604136695
873463809
990445569
7250432
857866239
335453248
990445569
777497565
998229121
468627372
78042053
313394730
998240545
91178726
998243401
998244115
857866239
208959071
224920107
203066120
436731897
873463809
99277161
715276687
997269505
58003456
353736287
116006912
752656753
998244234
998229121
997756929
998000641
232013824
423811773
670421975
873463809
639467870
748683265
717488125
116006912
998243877
783090075
990445569
116006912
7250432
379612729
946478967
996294657
998000641
997756929
281779159
116006912
551549446
647527234
465674940
998240545
982646785
267985726
390597616
423967941
499122117
996294657
998244115
413192492
4498526
116006912
998242449
216890157
436731897
77047975
289429045
998213889
468044441
499122117
624065159
729939530
425497955
857866239
998243877
998229121
998243401
998243877
232013824
499122177
224351494
939036861
159205853
998122497
445072945
996294657
578245315
998183425
232013824
126122377
89309308
998242449
205551127
971051510
833108488
499122177
282293049
717488125
717488125
499122117
79990693
660226556
997269505
998213889
152633496
998243877
997269505
7250432
998229121
839075459
748683265
998244234
821049525
285039267
109691937
998242449
436731897
873463794
873463794
998244115
489573004
192869775
998213889
7250432
116006912
982646785
291964439
141571006
167698330
547383538
928055296
717796412
186340311
242550933
998243877
748683235
823798347
298326459
177356009
294198597
232013824
857866239
232013824
140604735
896894634
717488125
998213889
324522242
956023737
40292506
229797868
656872034
998122497
721912986
997269505
585772688
881491841
679431892
864238592
436731897
998243877
998213889
353653188
14500864
436731897
499122177
998122497
723786797
358604832
998122497
66805914
436731897
990445569
994344961
748683265
998183425
735657977
998243401
928055296
225148271
998213889
802618914
982646785
611486280
998183425
341248475
717488125
155150918
248466
291021509
455636434
857866239
998242449
998122497
367164561
69615653
771736979
928055296
28059357
998243877
994344961
499122117
55631858
697692441
58003456
116006912
717488125
116006912
688775827
365291805
967049217
268249344
483457268
252804325
998240545
717488125
499122177
29001728
998243877
998240545
402952397
994344961
892241387
967049217
997269505
996294657
436731897
146101440
998240545
191190889
990445569
807702564
486069093
86776963
499122117
986071138
262260079
990445569
116006912
590706186
499122177
129922278
655502675
867200264
112793140
142155836
982646785
337351109
276102545
998244115
998236737
750289612
982646785
748683235
997756929
998244234
998243877
748683265
367352725
941071972
712641823
346873
29001728
873463809
996294657
548974911
717488125
997269505
512045327
38938128
14500864
993133919
436731897
748683265
721981093
748683265
998240545
387116729
459354092
40746487
528200974
929618889
523261248
14500864
998183425
21875669
232013824
994344961
998229121
70516613
259160349
622023636
116006912
34940850
29001728
7082343
998244115
935854081
857866239
998243401
967049217
499122177
499122117
944789477
997756929
116006912
998244234
835163762
464027648
967049217
998000641
499122177
765189035
700097787
321008633
996294657
50880219
848869397
578683942
757326164
35070693
865971667
998229121
464290205
116006912
437667433
387664839
967049217
257426161
708872355
998244115
262508941
295405907
748683265
499122177
357310137
748683265
857866239
998242449
684017968
58003456
998236737
928055296
232013824
536186047
998183425
666775248
769527984
58003456
897452245
994344961
116006912
998243877
694495114
994344961
998122497
873993159
469848442
116006912
71856342
991583539
458465554
967049217
998244115
126576196
924337123
113289307
826579847
7250432
998240545
499122177
998229121
7250432
84415507
928055296
998000641
58003456
29001728
998236737
998236737
637635040
893784466
862670472
748683235
330656542
998213889
485065691
998000641
906740944
799167527
331418725
193186335
312307409
997756929
998243401
717488125
441595623
135822835
990445569
7250432
157575922
967049217
996294657
928055296
998229121
998213889
814713052
751358932
982646785
930986749
998244234
931949987
469812334
7250432
441840336
128132045
998000641
998236737
479488594
727952802
513652712
998240545
880171801
585007337
499122117
935854081
998240545
998243401
748683235
998183425
464446816
998244234
969978759
906845892
777013370
470347540
729195625
997756929
935854081
998243877
14500864
29001728
967049217
158663408
907135034
319266303
981997920
935854081
886769929
998242449
997756929
743718696
464027648
418191336
881754342
185255071
990445569
508282492
556925848
997269505
99719871
990445569
997269505
748683235
748683235
290054966
717488125
34705509
929169341
997756929
998000641
56722108
557088312
512190723
499122177
709093074
998183425
755891763
837880375
998213889
499122117
873463794
782517352
749394628
780303092
518817918
802839098
990445569
499122177
935854081
499122117
998000641
232013824
463544318
175797140
298034223
899951795
595360405
857866239
873463809
931594750
998244234
717488125
116006912
338958920
998243401
499122177
998243877
7250432
904643765
101652430
586603893
935854081
630122695
928055296
998244115
998244115
241327692
894044212
103085258
994344961
109144604
998240545
857866239
430685213
555841467
873463809
911068698
856892956
543006851
998213889
171050051
997756929
945066930
474157588
374167562
436731897
436731897
299397535
998183425
58003456
996294657
841410474
691123535
998240545
802753096
138482252
225463644
718288549
998236737
391442528
238467278
317615028
313044319
464125052
998236737
977214432
419615008
748683265
899306291
232013824
873463809
779501278
16087795
219991696
615391670
978992082
104818290
384060205
391939431
998244234
853378767
7250432
435109283
997269505
810409526
116006912
998213889
967049217
998240545
893932161
570072733
537010149
367165333
998000641
998122497
853503330
873463809
996294657
998122497
142676863
994344961
116006912
297445218
998240545
520211941
967049217
844975368
935854081
29001728
982646785
998122497
155411931
857866239
935854081
29001728
873463794
982483576
563808986
998244234
465600305
319047976
948093265
873463794
845918813
267886327
116006912
316851883
559162790
956439890
464027648
91228264
896679418
184794514
21871434
261045429
499122177
967049217
873463809
994344961
613049633
633518377
62303838
232013824
646721105
935854081
94293386
997756929
998244234
935854081
139164402
436731897
748683235
994344961
61225429
346928577
14500864
996294657
512409730
997269505
636258528
537171969
997756929
85938556
935854081
245778165
996294657
873463809
998183425
464027648
977674414
642328280
717488125
14500864
440638637
626552353
326809999
288318174
499122117
994344961
295195909
948408184
292848299
128720922
869356771
790356059
873463809
116006912
935854081
998244234
998243401
232013824
341175459
798124627
998213889
873463794
998122497
998244234
412560414
994344961
748683265
376762033
110271507
998213889
873463794
998244234
873463809
990445569
998122497
457306602
996294657
920317854
389639975
998240545
791491829
997269505
901589191
100784857
762086324
315682964
857866239
161520154
873463809
998236737
967049217
49496356
935854081
836072943
80330223
211066795
793230939
58003456
436731897
847017599
436731897
558953616
858368193
748683265
857866239
996294657
282006640
668822451
58003456
859279063
998243877
997756929
570059430
997756929
791427697
998244115
998240545
681724978
232013824
489705559
95549950
385152378
390287747
998243877
731799854
981186805
998000641
997756929
717488125
797381154
270433537
428590865
239975196
499122117
877499237
990445569
323052643
499122117
990445569
717488125
499122177
998243401
998240545
748683235
939982526
996294657
786743975
998242449
959016941
241016988
857866239
7250432
19457416
844435577
604138226
675935431
29001728
617154420
595427426
996294657
998243401
996294657
873463809
651724233
679031757
851562905
14500864
690006693
998236737
765163369
998000641
578068451
843597594
499122117
998183425
13867170
998183425
928055296
525223904
800498210
717488125
499122117
7250432
136076664
536462957
464027648
748683265
589079898
982646785
990445569
29001728
846833984
82326648
499122177
997756929
97130181
138256012
998243401
124317028
58003456
499122117
33547652
710688776
384975527
998244115
884166595
497795193
283563059
873463809
997269505
857866239
113421351
275975406
998243877
854788885
416914994
310098319
770692769
935854081
160232912
499122117
998122497
534962540
7250432
14500864
232013824
14500864
311990964
171429073
748683235
303562946
366363749
251502057
7250432
294063749
998244234
495575925
873463809
771082782
857866239
328978381
873463809
967049217
996294657
52160240
661877231
729492645
998000641
967049217
310387764
928055296
234977706
726902438
465774024
660362271
998242449
935854081
619232254
900737684
998242449
14500864
142156395
553849911
67039581
66933722
998236737
327617750
334416177
466716725
998000641
142915895
276020245
998229121
367429539
140688489
717488125
651499344
237124608
203258547
58003456
735741620
439902495
637326726
640827755
103231245
819729334
998242449
238295167
596118813
349610550
997269505
250032076
857866239
499295159
748683235
610167719
364996399
88277739
998242449
998122497
928055296
7250432
997756929
173136764
748683235
748683265
328253656
998213889
155192097
998213889
586744174
912378366
994344961
856643832
994344961
998213889
740325223
529641450
499122177
998229121
290226825
368926401
748683235
748683265
549139036
748683265
848475582
935854081
967049217
795561154
717488125
172133267
740552613
801470079
436731897
873463794
997756929
997269505
974882640
88989379
499122177
990445569
778051405
14500864
405518508
998183425
857866239
649703091
579375534
144693452
998242449
998229121
998122497
998000641
998236737
14500864
997756929
54864994
857866239
928055296
997756929
931854006
436731897
780925300
998236737
232013824
232013824
935854081
58003456
205442632
392878652
998000641
386726149
318558198
680989989
998243401
529757153
990445569
998183425
648431696
998244234
998000641
292433061
154193356
998122497
986542680
857122555
546820281
174139936
313252408
116006912
97463384
850682084
864936736
362714104
996294657
998243877
998000641
170591770
603023611
436220189
997756929
12664601
873170167
717488125
998240545
355580948
899940908
341960180
421953517
982646785
199560408
717488125
748683235
22932559
695209319
846380304
78532981
232013824
717488125
61950248
954059005
406973145
998243401
436731897
271640841
481883789
988033518
998240545
997269505
436731897
464027648
928055296
998240545
763965294
967049217
928055296
998213889
994344961
372204357
505686741
990445569
7250432
713949242
657285906
998244115
762565680
830784283
875359088
998236737
982646785
499122177
998242449
913155534
460581154
928055296
329750631
998244234
841452609
509854784
998213889
174701130
29001728
874214182
858636531
7250432
464027648
967049217
274142787
116006912
608850401
607404752
577321583
116006912
748683265
725398808
998000641
464027648
226875131
629145561
998243877
748683265
631747665
396447713
168356793
29001728
989811816
14500864
997756929
873463794
7250432
928055296
998244234
994344961
134919279
232013824
998122497
355058408
269465862
763461096
873463809
982646785
58003456
990445569
171517932
868949676
994344961
116006912
205272979
827997711
826484290
998243401
304148221
636022174
996294657
346929364
998229121
582685200
68992329
43334726
159644255
967049217
464027648
998240545
116006912
967049217
464027648
998183425
894569447
990445569
360789714
990445569
998213889
116006912
982646785
875054445
187318571
565395863
509182668
996294657
748683265
996294657
159434361
200840697
638899967
446411586
499122177
322123525
873463809
717488125
851904568
7250432
998243401
294535333
998122497
996294657
98480086
436731897
912042535
464027648
4606937
982015851
998243401
420465819
36078904
674059241
994344961
180262331
935854081
694207179
83782637
982646785
990445569
998240545
259990244
725147840
29001728
499122177
789012229
58003456
164139725
997269505
935854081
468561097
998000641
998183425
998240545
266003156
998244234
997269505
928055296
434996140
997269505
549669953
499122177
14500864
215515567
717488125
748683265
7250432
630595404
309655448
994344961
245666362
998240545
515232807
29001728
998183425
998243877
998243877
857866239
98874942
975947801
171614058
14500864
998243401
425713316
804100285
772809843
857866239
843373310
331830876
819276782
469180539
448256380
857866239
774217496
804081687
703105311
931415591
990445569
550651445
318216977
912914950
789749582
935854081
918016286
611779136
682220908
121119422
291706872
637472644
114393430
998243877
158954829
998229121
520750425
395801068
959308146
271164660
928055296
873463794
433772275
499122177
344155688
476014322
873463809
997756929
998242449
484549469
920551069
633633709
14500864
766908530
224704195
526741984
595447107
928055296
745283402
998213889
748683235
787889304
997756929
873463809
655333455
71190067
748683265
217866315
64745759
954473947
40647528
236461492
171303210
968406370
100554454
136502534
998242449
748683235
11844835
963243179
227557653
998244115
325818064
998229121
436731897
769460282
68874729
649638796
105786048
998000641
414455891
58003456
837662431
731452276
986101316
741670671
967049217
436731897
935854081
29001728
921998364
14500864
499122177
998244234
436731897
277394885
998244115
665591323
525315744
671769100
998236737
58003456
998240545
990445569
990445569
827351517
998183425
198807168
457200588
686191031
998236737
256239868
176952495
998229121
840410078
436731897
998229121
931855916
815131098
232013824
834092380
139620504
14500864
484531676
405912172
699293227
998229121
29001728
29001728
686746710
748683265
7250432
997756929
58003456
935854081
7250432
998242449
281617137
20658847
928055296
996294657
124684712
232013824
998183425
434093989
998242449
108548739
587092236
208130732
14500864
649204491
461156197
9381831
998122497
240515994
763587157
998243877
760959121
760653075
464027648
656013676
851808874
398192545
341942457
873463794
375139087
998213889
304010850
431771931
997756929
748683235
935854081
773020473
658353368
233092863
901092339
269262679
967049217
873463809
990445569
997269505
7250432
997269505
524335233
58003456
228368908
172464671
631768902
998242449
641398662
975304190
232013824
492297620
499122117
71869103
564483739
857866239
915327538
24842836
998242449
994344961
782502165
100823633
915926365
4579758
873463809
23641734
7250432
14500864
935854081
333044597
990445569
984973741
7250432
748683265
857866239
998242449
515378218
464027648
998236737
998213889
928308216
7250432
499122177
748683235
997269505
982646785
29001728
990445569
998240545
997269505
998000641
58003456
333311139
998243877
717488125
997269505
95237680
998242449
929775888
994344961
281040528
295985886
928055296
556911844
998236737
717488125
508188584
771264864
512186749
571366586
998242449
499122177
29001728
760499534
464027648
305945395
982646785
768013512
499122117
656925828
499122117
998213889
280802036
873836318
197362736
928055296
997269505
71465814
802375350
998236737
279991792
998236737
928055296
503690879
997269505
311151866
314701423
998242449
352030120
998242449
908498955
360919721
998240545
7250432
994344961
935854081
808637874
998243401
492466660
982646785
232013824
748683235
998243877
377814632
7250432
658504555
175177964
7250432
706725554
928055296
232013824
967049217
751939940
889020090
105486473
998183425
832811711
772171876
515187961
781306298
717488125
998242449
885996397
118109439
998244115
299348780
998183425
982646785
813600458
998122497
553677412
347722628
70881445
998242449
717488125
873463809
835784900
384118977
998240545
963865100
499122177
182114631
869198940
470266082
997756929
549689443
116006912
155697651
863961362
314947220
935854081
98226162
14042198
998242449
58003456
998183425
626209213
237936131
998242449
717488125
185140149
253197740
436731897
29001728
998000641
982646785
108944549
998244234
996294657
606970250
614231406
997269505
232013824
353019433
215346293
688506867
935854081
640968304
22451325
873463794
748683265
414058631
928055296
982646785
116006912
998236737
7250432
129132344
617694407
388178955
998244115
232013824
58003456
200029889
3372651
567451278
58003456
981543189
980346536
998000641
671963182
365760822
717488125
82031488
997756929
824511499
998244115
997269505
436731897
15287401
531946988
236400356
615953820
998183425
46647926
998243877
7463377
857866239
998229121
309059924
664672205
203558079
630689795
352478312
495887671
42447470
998229121
7250432
283370932
928055296
682570827
998240545
232013824
998122497
464027648
464027648
390539829
586496081
899468566
228530194
355364491
990445569
994344961
998122497
998000641
80878622
303150655
998183425
857866239
998244234
116006912
67991854
717488125
616066182
808650211
531223646
535210784
998240545
44837866
998243401
25682914
998213889
470150109
369224857
873463794
172565608
288262698
748683265
366843326
873463794
998236737
7250432
998243877
847636424
717488125
998236737
998122497
355240849
928055296
768010502
96261495
990445569
34061894
22304428
801809696
748683265
683676136
165160005
990445569
989501516
499122117
985989380
940532166
505110329
586191899
717488125
82813418
368747937
199519651
998243877
499122177
116006912
671059413
713475999
982646785
671793171
717488125
188553906
297914449
998213889
617697888
998000641
67749056
998244115
7250432
730790204
998244234
112591961
58003456
998236737
748683235
177139479
892007572
269466650
195195237
982646785
356030215
990445569
239216032
761354846
717488125
464027648
967049217
748683265
868409517
990445569
58003456
293237088
113230782
998236737
997269505
990445569
240320278
632453694
998183425
464027648
696130809
269119625
266502937
159933317
134311647
29001728
998244115
947904612
217767514
579484893
404139116
998213889
928055296
998213889
232013824
998236737
522460672
55570825
967049217
511984818
756999872
998243877
124760082
852686281
761000228
501895131
7250432
116006912
377354031
436731897
58003456
998242449
372419118
254111680
17271105
756801075
873463809
821809121
858957210
970374266
703120825
413621016
842590156
577109722
670284907
78396350
994344961
384401019
374331617
55398464
356473133
58003456
996294657
616263838
499122117
994344961
208605967
998000641
25206552
998122497
928055296
748683235
857866239
159099296
998236737
997269505
750819889
887274761
7250432
916822186
723231169
988402786
91098326
873463809
499122177
928682494
80430307
998243877
284937842
642135025
411699546
997269505
748683265
77907256
997756929
996294657
232013824
774613138
997269505
499122117
998183425
873463809
754798223
998240545
499122177
63881167
998183425
743002064
436731897
899420977
873463809
29001728
464027648
997756929
499122117
998240545
499122177
58003456
87291785
998243877
873463794
409786938
585249472
232408568
714840055
499122117
41677789
29001728
469911258
872713052
185316302
20214755
967049217
263700862
533770474
997269505
499122117
836537657
126141646
232013824
736673886
464027648
365922882
998240545
58003456
998236737
869131941
525806601
990445569
282421329
994344961
998122497
928055296
998000641
341209192
998244115
748683265
981312207
718080487
537182194
998243401
350471921
780517688
7250432
998183425
957935686
728898374
400458849
869566209
923057842
854542454
700380353
873463794
137322630
857866239
997756929
29001728
770201373
401613832
935854081
392599324
997269505
749620213
994344961
650417256
873463794
818009398
483685306
717488125
998240545
483514134
873550087
750542194
596488179
287112829
387488503
375610989
665819419
214305187
689158695
767236385
278625401
299983429
998000641
873463794
717488125
710988222
873463809
900261111
436731897
176449833
17408599
499122177
857866239
998183425
754193940
982646785
445641436
151163879
998243401
748683235
499122177
998229121
642856195
914674964
687620924
959001118
370126959
998183425
998229121
998244115
280708996
905169671
757795545
649555723
139344921
873741237
998244115
635931403
998243401
197081623
562823636
493783060
613149104
302408014
324109927
313777325
998213889
464027648
92294736
634765932
306766714
951873327
499122177
29001728
998243401
62047205
561782898
746870310
733722406
58003456
499122177
928055296
997658358
403491441
998229121
998242449
706617777
990445569
464027648
297118860
935854081
499122177
285063820
33599993
748683265
997269505
58003456
29001728
763974265
7250432
865375815
965778613
464027648
464027648
967049217
232013824
998243877
998229121
10989039
928055296
546086037
873463809
748683235
334638164
7506537
998122497
436731897
998244234
998243401
80864980
62539348
928055296
268234713
998183425
998229121
998000641
638511243
990445569
811664803
998242449
623670281
998240545
996294657
928055296
436731897
998244234
998229121
236282207
717488125
184261515
499122117
873463794
982646785
58003456
717488125
464027648
362435290
718591766
236211401
574433638
998240545
717488125
928055296
273882548
604968860
794967995
998244115
873463794
829975933
499122117
7250432
116006912
95544012
873463794
998242449
998000641
998000641
651926778
865449509
998122497
11449709
499122177
558709010
935854081
719354002
998244115
791636086
992328172
626253372
998236737
884195388
286201553
58003456
812123871
905969399
423760806
29001728
685812300
998243401
996294657
959881262
111723502
873463809
910899630
323745448
499122117
864943218
2182905
696436150
562681409
997269505
994344961
998236737
998229121
464027648
748683235
873633202
845521125
989632194
994344961
14500864
169633057
14500864
116006912
436731897
116006912
967049217
748683265
943558784
727706612
326938365
721533244
499122177
436731897
25790241
998242449
996294657
116006912
537907802
161663780
998000641
982646785
996294657
369314244
967049217
935854081
998243877
608370061
58003456
238570581
316273618
923221562
499122117
499122117
337909268
990445569
24120380
423093604
600717477
967049217
748683265
748683235
157317097
594471172
153576382
746781824
666759008
88309816
679378640
7250432
998244234
499122117
748683235
998243401
102331749
735804022
759644205
998243401
873096975
386904349
982646785
391686438
499122177
579636948
43662409
997269505
998243877
859488806
810415747
998000641
998244115
8795679
873463809
614966901
997756929
949098758
768073201
305545797
998243877
748683235
461689716
43715457
254192250
568107803
607393679
813210196
499122117
63795461
998240545
7250432
873463794
377062875
769010787
395097972
499122117
748683235
873463809
138044912
998242449
998236737
935854081
693858699
537189365
935854081
116897635
998122497
499122177
773184109
807237992
196314703
689935522
717488125
436731897
928055296
996294657
996294657
748683265
460588316
126423344
116006912
998242449
241955304
998244115
998122497
998240545
606009072
436731897
796030203
522718145
464027648
436078577
46720407
998244234
653869528
499122117
935854081
857866239
998244115
596230117
569103240
717488125
496755999
29001728
845524361
998183425
935854081
998243401
464027648
83619028
599547755
116006912
309070594
332742671
29001728
997269505
254649669
102322916
998122497
935854081
988396060
99056582
873463809
935854081
91892608
998236737
499122117
998000641
998244234
935854081
990445569
998243401
811041833
998243401
94089809
998183425
997756929
998244234
717488125
116006912
998122497
446759544
857866239
436731897
998243877
306625928
58003456
367116900
573331096
742834665
878034803
922035894
935144196
998183425
261724694
431811099
14500864
45831763
717488125
436731897
873463809
935854081
998244234
873463809
301018492
404591174
717488125
628981116
748683265
621190584
998242449
635465983
467703547
464027648
925335715
531834933
464027648
982646785
202795845
998213889
192122231
928055296
238599698
873463809
57372929
967049217
232013824
563485897
873463794
994344961
717488125
116006912
998242449
894478499
115738005
717488125
626571543
873463809
220224125
436731897
439731337
957658134
857866239
998000641
289356459
748683265
669396970
748683265
997756929
288354241
928055296
112213079
330250076
58003456
998183425
386386559
998122497
116006912
632534109
195654287
499122117
354735742
199781326
998229121
998000641
997269505
59361580
998236737
998240545
829846093
239623195
626907729
998229121
876463559
748683265
997756929
995667681
994344961
894485856
7250432
169045882
295915389
873463794
571902790
609149789
982646785
967049217
53888100
360461427
116006912
998242449
243672994
499122117
975700674
502869023
857866239
990168309
998122497
591485411
464027648
998243401
998240545
873463794
873463794
998000641
998236737
997756929
666908566
888814090
935854081
818093539
857866239
261194870
503089576
979974292
982646785
661316705
295518410
990445569
990445569
499122177
744115520
998213889
998122497
116006912
232013824
873463809
479077
672589956
49138745
924252764
133508276
766779741
994344961
974303847
609590609
260928586
388169637
998242449
374799479
998236737
116006912
301698507
935614647
998122497
305609867
998240545
29001728
595333443
592193515
116006912
982646785
998229121
998240545
997756929
789680321
928055296
658014955
413019319
717488125
829749090
58003456
605189768
998244234
656220792
262993200
475973971
982646785
958197587
14500864
14500864
982646785
143515380
464027648
873463794
935854081
479144439
996294657
873463809
979246354
998244234
499122177
998229121
998213889
136987003
880369830
873463809
679690864
14500864
998213889
967049217
7250432
649657416
795645918
530346970
58003456
383428981
935854081
436731897
436731897
726185860
182005513
668693166
998240545
96904437
873463794
211881574
499122117
998243877
436731897
7250432
150383130
207245964
998243401
998242449
717488125
29001728
58003456
85857560
178172857
997756929
464027648
651083935
998229121
232013824
774925391
219083386
58003456
524626033
717488125
232013824
994344961
674271192
284330276
560940675
7250432
998000641
116006912
857866239
232013824
523361967
982646785
804170263
994344961
612660280
7250432
721107241
357736510
478211864
7250432
400709225
58003456
912762005
232013824
998000641
499122117
903468845
58003456
998183425
928055296
967049217
400496888
990445569
7250432
660720014
998243877
291093068
998122497
489941157
958587329
967049217
14500864
151120577
998229121
928055296
998243401
359268559
998244234
982646785
123576497
405360891
962920478
998183425
69590928
998183425
507670076
641688532
934190235
717488125
994344961
967049217
998236737
843434835
7250432
194256935
403980605
748683265
998243401
885458861
748403384
717488125
163358408
273864682
998242449
116006912
982646785
4299291
866217633
575233440
97145739
376340331
837704228
720902680
353501804
873463809
232013824
910259815
499122117
748683265
14500864
29001728
188217569
737141115
944832270
391575074
400967162
998240545
994344961
796437629
781188203
81581405
116006912
997756929
990445569
748683235
341137360
873463809
998243401
885934682
397603456
806858780
566634840
998243877
50501855
350651184
666518509
498606533
722028157
950814004
762998867
748683265
618533043
756687903
473129373
344144447
935854081
278600023
935854081
870338960
803465802
398345113
997756929
998244234
525515924
982646785
998000641
997756929
232013824
7196794
311642497
132716324
857574154
656000178
401373206
717488125
935854081
826781840
231270311
464027648
949603326
998243401
857866239
998000641
998236737
58003456
232013824
982646785
578850948
998000641
472196108
997756929
51452269
499122177
152070938
251413633
29001728
499122117
196328739
132515774
877784151
473955779
873463794
499122177
272596325
768236606
761113675
994344961
499122177
495867285
422497097
116006912
836956433
997269505
714634031
381665362
58003456
436731897
998243877
22649845
990445569
998244115
997269505
73809875
996294657
998229121
541522978
48649126
935854081
427071917
935854081
967049217
748683265
996294657
873463794
785067717
997756929
89272772
436731897
58369560
978323695
761586329
873463794
272111851
168634303
29001728
998243401
578726726
232491769
490897116
14500864
87402997
601801770
998183425
982646785
34764158
998183425
967049217
998243401
277282357
481388841
58003456
77408781
436731897
998236737
873463794
990445569
504655665
216641688
797085941
998213889
807849377
29001728
525597520
398676362
710077984
794565391
748683265
998236737
349460097
998244234
748683265
998236737
873463809
449118583
232013824
755214734
873463794
998000641
936202693
905089598
639492637
799672766
982646785
994344961
873463794
913603723
236674174
998229121
998229121
982646785
998240545
232013824
905384146
468595040
998229121
998240545
214055456
254366367
229551567
20762696
227496661
436731897
750274829
934067593
67581631
334997292
367291336
184883637
39891595
29001728
873463794
79286285
717488125
499122117
219264566
998244234
42109817
998122497
727766214
172656141
743536228
705420678
485450236
757829092
58003456
217533638
486678646
74408113
998213889
998243401
982646785
14500864
356630200
30422382
767213883
290881771
920876821
990445569
748683265
232369229
315745852
883263875
29001728
436731897
939411492
982646785
907493684
998229121
748683265
274189012
700405035
761970098
772921290
47691793
982646785
997269505
539013213
799874210
998213889
837248843
982646785
973428720
990445569
996294657
2243723
499527520
23036797
975952437
499122177
206846777
997756929
499122177
766660910
771704466
962341293
414754661
139131479
998244115
873463809
495686034
116006912
253737882
111879746
499122117
998243401
436731897
873463794
7250432
809177025
14500864
997756929
998229121
717488125
244430048
363151953
998213889
14500864
650887609
998229121
568296518
130350068
7250432
13560941
982646785
155235480
998243877
998240545
930240464
982646785
997269505
116006912
998244115
334590104
336453375
51257798
355294645
436731897
998236737
499122117
873463794
998229121
55072340
887629910
998122497
982646785
720090756
998243877
611388023
396690318
701901959
730719852
998000641
428441858
998236737
998242449
373152055
998244234
545447303
264278423
116006912
142759215
232013824
530956401
135206348
514529368
14500864
873463794
998243877
998183425
813757511
58810481
998229121
998240545
499122177
931256728
29001728
748683265
221771816
998229121
603284757
14500864
998240545
675170998
982646785
928055296
598525574
576899115
960861822
947416715
104880034
998242449
58003456
665959142
108117830
881312592
986645400
354150066
469790700
998244234
857866239
7250432
998213889
998244115
655234283
847657057
868119028
7250432
848494758
621834684
935854081
857866239
708556609
994344961
366844773
300677442
196698881
52215030
3858189
998244115
436731897
708210657
994344961
499122177
464027648
998244115
998000641
586102163
997269505
7250432
717488125
810327541
499122177
125911739
884971885
705387606
998000641
458358405
748683235
998000641
24822116
998229121
499122117
120493386
967049217
998000641
998000641
555673874
998243877
19539784
408769942
978090583
748683265
438839790
990445569
873463809
998244115
919834790
572440526
437016036
825562095
499122177
8420713
29001728
580983469
401711474
178963651
133660766
499122177
14500864
312540034
499122117
998236737
998183425
935854081
88623641
582497667
910168396
352421652
996294657
998243401
466684909
857866239
900998724
998243401
441586141
175266633
499122117
998122497
179831940
227876279
149129575
20338506
990445569
797349977
857866239
998242449
176939781
196510155
440996812
998243401
967049217
998122497
907488730
384135281
464027648
998000641
510628445
7250432
14500864
820979335
132066964
232013824
39591511
866970559
998242449
436731897
436731897
857866239
116006912
15062573
775183479
198737425
997269505
380528188
436731897
785784818
928055296
639968460
928804611
982646785
753206652
11686154
699753330
162609910
330197353
930620509
748683235
511235075
982646785
436731897
998242449
287016614
688636316
998243401
990445569
956721487
538039017
765185655
967049217
866309343
990445569
33618522
414966868
873463809
7250432
116006912
935854081
717488125
353848108
863353715
194999901
705064754
499122177
998000641
998122497
928055296
235686989
268693642
998122497
998243877
990445569
887313371
927949968
488299062
998243401
726967678
978352182
998122497
416755359
382747412
41662655
873463809
111651927
919247232
472545489
983474045
499122177
994344961
58003456
357868359
270556018
998244234
174604615
998229121
436731897
58003456
346501369
26295653
271762559
998000641
998236737
286085951
117237239
998244234
717488125
499122177
583593880
233818528
499122177
558794389
748683265
998244234
869403338
499122117
967049217
717488125
358286796
803520107
70204999
613405625
975575909
96154636
927515936
7250432
71419383
857866239
314465203
481231060
700059370
548650606
926715596
14500864
58125351
916940932
873463794
671249838
568524576
29001728
86032298
871881503
797691460
917293300
998236737
998000641
44418242
46575745
516414286
996294657
998244115
748683265
915586398
339240058
436731897
406188979
464027648
483648557
499122177
859672947
865888656
436731897
998244115
985355008
717488125
998240545
581033231
967049217
847707911
998000641
997269505
286546264
455537329
329747029
998000641
838205594
998229121
982646785
998122497
499122117
886802742
455914980
873463809
928055296
935854081
873463794
476809368
935854081
967049217
863572639
998236737
998244234
748683235
445626386
996294657
996294657
499122117
436731897
459032162
998244115
804645945
433220497
701772802
180741361
464027648
967049217
639206467
500639131
236809963
168730633
998243877
857866239
585376700
998244234
175077072
10884383
997756929
998122497
990445569
947416966
499122117
436731897
830357012
857866239
857866239
24043921
990445569
997269505
997756929
391779631
597882703
336300362
4719328
998244234
717488125
518099984
314102811
990445569
687379128
464027648
483238724
435250927
743386123
748683265
372042215
858353401
922713135
342959298
982646785
567029676
7250432
998183425
382317779
990445569
998242449
998243401
632833565
875259998
990445569
998243401
449809303
748683235
214691544
997756929
745571517
499122117
41321257
962503153
998243877
116006912
833318135
748683265
13293905
998243401
267423339
131344267
990445569
881483279
990445569
58003456
990160825
99878677
210570646
998244234
967049217
998236737
448882010
873463794
892725764
998122497
142615012
655486910
440466023
998243401
286688195
998000641
499122177
883623018
366690068
284293849
127595031
928055296
967049217
606341680
996294657
997269505
601467944
789998538
270260288
510684633
967049217
483472935
248887655
894021341
591819767
996294657
456880921
659564253
998243877
925512127
997269505
749059849
998183425
857866239
232013824
375517662
192085885
29001728
998229121
440632966
864748771
14500864
998122497
832039863
998183425
172774600
14500864
765641406
29001728
998183425
862191708
224043986
717488125
996294657
967049217
963626238
56368776
857866239
905042222
118908564
612244853
274043404
535391053
597808797
748683265
642596467
763327178
973376861
405932445
232013824
998243877
944738449
998242449
721938008
998122497
605644918
853358984
273510890
717488125
93989987
873463794
943742880
41845260
756342440
717488125
998243877
292355542
781041314
717488125
464027648
981913242
810960982
624288016
464027648
7250432
343692389
395563815
748683265
528514519
159613974
179853374
533336271
464027648
658798936
998122497
134297088
937190862
717488125
603344425
996294657
865216866
608456365
14500864
998213889
863606632
998000641
361014648
436731897
277302200
64001147
276321315
434416097
717488125
873463809
998000641
153706879
778784632
301706745
866919770
499122177
14500864
994344961
535559227
998242449
998240545
377923781
240322126
436731897
998122497
83881349
904632727
982045732
873463809
255068494
872562960
704594728
748683265
791949102
998236737
176809585
994344961
499122177
873463809
998122497
998240545
339767905
499122177
912429811
986351227
524315311
998244234
132359562
955819126
17746034
420872154
499122117
600633932
58003456
935854081
998243401
276501426
491772508
805378225
998122497
994344961
85218298
998242449
10368147
998240545
499122117
29001728
998122497
998244115
928055296
522898806
998213889
322798531
32997887
997756929
454115910
998236737
58003456
219475614
48838912
842987383
997269505
499122177
159521160
998122497
926245096
763983664
419892172
65493030
998242449
261220665
997756929
998244115
873463809
792515934
782479888
873463809
713718258
14500864
998229121
998243401
998183425
480347639
35700839
175281562
113383821
967049217
998000641
157035823
934979590
499122117
857866239
873463794
748683235
997756929
277068520
819360658
764495245
804357214
754523350
873463809
628617500
998000641
458420018
25838626
982646785
7250432
7250432
899632052
717488125
7250432
861653325
189999781
295724794
748683265
464027648
416519063
320699968
930259741
912700184
998243877
997756929
717488125
748683265
499122117
873463794
232013824
998229121
424292776
996294657
998243877
630403774
928055296
997269505
433797753
998242449
464027648
436731897
890102645
998240545
428085533
499122177
996294657
998244234
413717878
982646785
998229121
990445569
652632549
873463809
613293610
28646692
269107422
521952283
721178691
499651359
341094481
593825599
998242449
926514424
928055296
499122117
193698631
573060432
873463809
997269505
640775709
568139260
238709353
5730261
717488125
499122117
7250432
935854081
496090686
773742376
11120337
948981652
990445569
998244115
857866239
464027648
613926839
116006912
998229121
251543951
232013824
748683265
996964480
967049217
436731897
220962712
232013824
431488381
998236737
508576705
748683265
748683265
928055296
998243877
335681782
296322549
436731897
998244115
877665490
998183425
998244234
715120721
475318194
217081944
998000641
7250432
729968492
55598030
623799519
720173492
997269505
574363252
998243401
126342442
311810254
717488125
928055296
955239679
791372603
857866239
421595048
254516255
998213889
998244234
465253797
499122117
717488125
116006912
58003456
998240545
888697854
967049217
822507678
758621014
309188445
386966063
807114629
58003456
998213889
928055296
847246893
509736293
797038097
814896381
14500864
402005855
998183425
473863584
939469925
194535424
857866239
998229121
480126916
233444299
499122117
631045196
16149737
116006912
813574506
998243401
350465507
988918188
58003456
998240545
775227504
947685860
995697410
990445569
652188439
998243877
857866239
758330148
748683235
836560865
996294657
445655880
436731897
125416305
58003456
394382292
430698103
996466818
935854081
116006912
966158501
756981438
246720672
994344961
499122117
515585990
998243401
998122497
998229121
118141725
196637183
217533210
902983252
846934610
634260149
341593816
7250432
112015244
998236737
920631585
998240545
989527444
464027648
14500864
58003456
298336585
833224508
203312197
998229121
998243877
121383520
871103306
516840316
121022745
996294657
243357901
998243401
499122117
998229121
143902082
29001728
998240545
873463809
998000641
932261891
990445569
708402354
26153244
994344961
857866239
679081365
458009360
27595691
998243401
747444745
998243877
665593409
339286174
412287466
58003456
718123408
964511435
712884178
781932782
971607615
940663010
10091348
588976515
990445569
334911374
935854081
873463809
998240545
644059179
534347264
757646435
29001728
998240545
270155558
699414171
7250432
215403432
19716011
393902848
998000641
488691182
232013824
998244234
354198409
669325435
503794577
17041359
928055296
224110799
935854081
998243877
95409039
705482398
640912783
873463794
998183425
403978156
116006912
997756929
982646785
888070225
902033130
928055296
498440529
475944739
857866239
936994343
857866239
998242449
461996880
761361230
997269505
433755025
996294657
628031722
184138813
51654758
33959978
571936034
466914507
464027648
935854081
748153043
14500864
190483628
724362662
967049217
990445569
279595071
928055296
967049217
997756929
244621322
594872675
232013824
499122177
394809138
998243401
7250432
761982353
229343684
29001728
456485221
982646785
534414640
998243401
748683265
873463809
281520600
998244115
7250432
482689131
998244115
879743956
928055296
231597430
998243401
691912523
626956333
410570363
50480206
998243877
928055296
183512031
835244203
58003456
935854081
293447945
748683265
760753904
997756929
617879619
682645068
873463794
967049217
998000641
998122497
116006912
263768369
431058459
13591681
996294657
982646785
612887618
702581408
857866239
543371241
134914992
997756929
997756929
8929579
494046552
998244234
208810298
116006912
748683265
20396317
499122117
998242449
29001728
857866239
998243877
997269505
873463809
27045077
579562870
998122497
933967424
998243877
699243195
711184430
857866239
998244234
928055296
998213889
998243877
928055296
992160693
998244234
748683235
89242286
982646785
748683235
14500864
982646785
928055296
499122117
674050574
997269505
998243401
58003456
935854081
717488125
232013824
30956760
998244234
998000641
14500864
980155381
883974405
997269505
671607581
277589248
967049217
29001728
58003456
282821871
176412146
50523058
928055296
748683235
873463794
997756929
873463809
71350022
239242618
14500864
935854081
998242449
644577460
255577673
990445569
998236737
415756151
998243401
998244234
713096489
145402993
873463794
664692961
717488125
532887728
597988002
758921356
29001728
994344961
232013824
14500864
994344961
998244115
464027648
283869838
997756929
115140779
762206078
40115308
448655166
784262654
935854081
325077494
298793271
436731897
998122497
7250432
998240545
7250432
998000641
126912875
835821849
29001728
232013824
75802964
244185418
748683235
686512822
36427189
762082154
542433023
998183425
310235115
998244234
464027648
42848172
622827918
431359115
982646785
748683265
668536191
784971871
499122117
436731897
640490110
990445569
998122497
907101288
485627492
638992576
998243401
14500864
994344961
324621582
803046713
998244115
17201649
857866239
998229121
998242449
998243401
436731897
827790821
994344961
244257193
124323720
998236737
793011039
994344961
998243877
939919605
996294657
998229121
920899099
997269505
361200190
989776959
14500864
935854081
998244234
58003456
214118061
839992499
998122497
288286628
998242449
769677183
222216341
464027648
998243401
894607105
703050008
727761275
933179178
994344961
186697716
998243401
500198257
773055479
873463794
98425617
857866239
704554481
997269505
822698430
499122117
321461586
305414865
116006912
14500864
873463809
935854081
935854081
478094824
997269505
361366800
994344961
18368462
165780446
994344961
17275199
116006912
853062669
58003456
997756929
49889970
25433043
971604485
503167942
148058523
717488125
58003456
116006912
996294657
728376798
375282419
825905007
982646785
464027648
945524606
550635005
873463794
998213889
487773018
748683235
123979949
450460373
169148918
158905136
967049217
990445569
499122117
748683265
998242449
907785334
748683235
717488125
635636997
127865685
982646785
521793396
569300998
998242449
464027648
121345795
998229121
261061472
676399677
857866239
998244115
998244115
116006912
58003456
620290452
660949929
865157584
992303812
147451257
77135468
127048683
499122117
499122117
7250432
758236070
155560734
29001728
155820542
998213889
892920589
544988254
470440803
436731897
651561429
580189411
519200312
499122117
63218053
763762412
997756929
998213889
161536484
24160821
141790384
116006912
27556124
399637138
29001728
998242449
988678033
333332178
998244234
14500864
994344961
902266769
998183425
179101944
818046762
881375030
157669289
359817807
551517248
425134487
484998362
201379837
996294657
717488125
997756929
180583936
998244234
998243877
147428862
935854081
568771725
116006912
998242449
873463809
741556117
232013824
58003456
416939504
998242449
41067472
748683235
717488125
211087416
967049217
717488125
910590036
189905630
305127253
699122006
751969639
898296093
739731265
49892486
607955311
172431675
998213889
801975326
25442615
143566920
998244115
935854081
998244234
928055296
998244115
998244234
29001728
58003456
997269505
982646785
7250432
998244115
219185878
142127710
436731897
700576114
998244234
300663186
682076266
998243877
809722416
920541612
17642417
14500864
928055296
499122117
232013824
998122497
715856528
273517637
343416545
998243401
998244234
423921717
238537386
205189776
998242449
675950382
7250432
998000641
970267968
857866239
998242449
697961272
857866239
191402460
878086096
857866239
998213889
378101299
857866239
928055296
967049217
998240545
705736529
967049217
499122177
760153595
618949944
997269505
572346790
885192658
998244115
998213889
29001728
470607515
980435816
596307597
873463794
998213889
706118111
998236737
479570292
406591514
482567607
890207781
189538252
95840304
111249352
998244115
464027648
990445569
393577086
662603529
997269505
857866239
998000641
998183425
748683235
387785171
748683265
732801456
909786307
696441531
431687676
563308143
502971642
499122117
998000641
790973102
521333620
973318651
998236737
857866239
767961147
717488125
935854081
990445569
998240545
998183425
998122497
927650282
873463794
953010628
14500864
440111716
327361141
692318803
928055296
748356315
786359183
563895673
953891875
263993020
997756929
464027648
604025970
103902345
557217967
526146124
928055296
994344961
369193239
982646785
990445569
873463794
994344961
717488125
998243877
58003456
436731897
998240545
810891815
116006912
998236737
192740610
717488125
811037217
58003456
994344961
480093828
376018294
822031505
997756929
998243401
873463794
428079403
873463809
717488125
7250432
928055296
865573742
998183425
454106024
213475662
884892019
982646785
232013824
998244115
998213889
58003456
748683265
982646785
998244234
998183425
163404056
311176914
873463794
503793264
452030694
519222302
998183425
47786689
646199582
994344961
499122117
748683265
873463794
996294657
495839494
998236737
998183425
873463794
608911157
935854081
139406309
67168490
499122117
867978888
798717022
54668715
967049217
748683235
748683265
213106272
562791186
526606052
406166759
767599986
998240545
998244234
877556634
990445569
928055296
307523105
996294657
546492705
998236737
998213889
965741966
14500864
954892737
994344961
58003456
873463809
873463809
155265769
997756929
998243401
232013824
441770141
873463794
850533080
998183425
748683235
994344961
232013824
1724818
979542920
857866239
685449186
998236737
365975590
232013824
18757074
998213889
93890333
7250432
909109344
297176102
540633777
942277559
765129291
996294657
545946839
998213889
998236737
396593233
298892129
441699850
323952363
997756929
998000641
442831518
464027648
549808480
717488125
499122117
998244234
464027648
994755267
436731897
499122117
139319431
994344961
734158581
7250432
998243877
480612360
994344961
997269505
998240545
748683235
935854081
853732157
350311880
29001728
667051494
935854081
324708055
583246780
161743322
964799379
894803826
661926496
994344961
682093970
58003456
998000641
74997149
998000641
990445569
980994570
68586491
935854081
808008583
492204875
982646785
462469165
748683265
326052510
982646785
825579966
982646785
998183425
226836590
464027648
998240545
316213649
975131049
232013824
998236737
748683235
998243401
994344961
499122177
990445569
221601985
526356121
873463809
748683265
635840918
998243877
149411540
480878466
264813616
116006912
276176782
994344961
837109835
453051507
967049217
718609010
998122497
855795178
873463794
232013824
16582645
791925602
464027648
499122177
499122117
982646785
29001728
994344961
116006912
996294657
998243877
288801969
928055296
998244115
894040287
873463794
729265317
530310
876341415
311681035
609607994
29001728
822020973
292778052
935854081
990445569
998243877
967049217
436731897
998213889
514076140
998236737
913418251
998000641
490063828
928055296
553118974
857866239
335284436
781722171
998122497
873463809
355269441
597159659
492921246
499122117
967049217
998243401
998229121
475944686
991416031
630156073
540149799
998244115
982646785
996294657
998000641
14500864
185152511
159732557
748683235
58003456
493722045
499122177
320005037
909025619
356092351
791939576
976039989
990445569
464027648
282455563
232013824
62188173
395966143
19441799
499122177
52761597
621350486
857866239
8991253
751208956
464027648
699357144
764892054
680057561
186232987
997269505
436731897
998183425
164453016
873463794
998183425
890349962
998122497
935854081
577065103
996294657
998183425
7250432
998183425
369266248
998244115
419269606
275013253
458603837
998240545
998243877
387710900
873463794
3390783
748683235
997756929
998244234
998243401
364110990
455931214
232771120
240388850
997269505
181205276
976499669
563407833
998229121
61708986
215949245
232013824
464027648
116006912
828809740
922756370
994344961
982646785
726636449
81848628
460689431
583344201
977922033
928055296
692203227
459399963
960145108
998240545
998242449
994344961
7250432
692934836
997269505
58003456
873463809
255771173
748683265
981127702
14500864
66325153
998240545
149154660
672396681
684945141
928055296
891141903
935854081
214650240
14500864
86261406
284018597
472153445
996294657
998240545
167174961
499122117
997756929
29001728
116006912
146248300
982646785
748683235
139198155
429369180
998240545
831170126
926218421
994344961
29001728
204068759
47261496
996294657
686659424
271026087
368373764
364337859
791202792
499122177
790777245
717488125
998242449
998240545
998000641
471598631
998244234
982646785
748683235
543012717
997269505
873463794
998122497
29001728
92062706
143459859
948929348
334709232
873463794
690710399
164254741
613376588
621887887
998183425
998242449
717488125
748683265
538556920
539425574
574798296
215720576
120719181
357583916
998244234
998242449
464027648
998213889
466172093
998122497
499122177
610630857
935854081
998244115
550223855
812376953
873463794
347199580
998183425
808361571
935854081
351368865
998244234
686832408
998243401
206229275
873463809
998236737
998213889
990445569
873463794
979462856
812599818
924050733
735819286
996294657
935854081
935854081
809593931
998243401
781023434
924414782
623568088
996294657
998229121
193414686
58003456
953618595
662974939
346848256
873463809
994344961
967049217
464027648
996294657
873463809
935854081
711772810
748683235
998243877
340524776
996294657
998183425
353125511
998244234
263164795
928055296
29001728
722851616
267327211
935854081
924486634
748683265
904238614
657628018
257098927
997269505
29001728
857866239
117259944
748683235
232013824
998244115
351818684
738582968
820936237
128685196
390508456
854912920
70610843
133646251
116135197
998240545
499122177
104456690
14500864
916763859
58003456
998243401
996294657
171615444
498211490
998236737
998229121
997269505
760974067
996294657
856273172
116006912
53859966
7250432
493950384
854119565
733313453
417769499
998244115
557080984
935854081
172034109
464027648
996294657
857866239
994344961
998000641
42368100
29001728
581753998
67597480
253132841
466841298
998243877
558889366
7250432
748683235
499122177
14500864
505352823
450135573
920862461
873463794
253578911
73776828
29058021
998183425
736146089
499122117
857866239
998236737
420720410
405724050
353366113
278992815
998213889
539688872
997269505
377627233
35845670
41922651
928055296
58003456
762913400
142017977
928055296
232013824
704833641
873463809
463115144
286216549
717488125
51871657
318860743
994344961
990445569
587674397
998242449
715009859
967049217
249484257
58003456
334887851
990445569
28336073
198377678
232013824
14500864
997756929
512973867
635738013
998213889
994344961
58003456
168820178
996294657
420240224
312210854
982619818
875593865
748683265
308731412
996294657
464027648
873463809
